A,B,C,D
159,113,135,128
195,120,142,180
177,191,107,117
137,181,173,142
174,195,194,194
129,144,191,188
155,128,182,180
188,150,134,172
191,121,180,133
147,118,121,168
125,122,120,184
117,110,161,170
155,142,177,157
130,118,113,196
167,156,135,129
183,163,109,157
167,143,177,122
154,186,140,102
118,147,163,156
153,121,103,178
153,109,131,197
149,200,109,126
156,134,180,105
133,186,136,111
173,125,121,106
154,140,175,199
185,131,133,178
143,117,118,102
128,155,157,139
170,156,136,123
145,187,156,171
150,174,171,175
107,195,184,127
178,139,122,119
135,183,172,185
128,102,163,172
